<!doctype html>
<html lang="zh-CN">
<head>

    <meta charset="utf-8">
    <meta name="generator" content="Hugo 0.54.0" />
    <meta http-equiv="X-UA-Compatible" content="IE=edge">
    <meta name="viewport" content="width=device-width, initial-scale=1">

    <title>Principal Components Analysis - Vidotto&#39;s blog</title>
    <meta property="og:title" content="Principal Components Analysis - Vidotto&#39;s blog">
    <meta property="og:type" content="article">
        
    <meta property="article:published_time" content="2018-05-22T17:34:45&#43;08:00">
        
        
    <meta property="article:modified_time" content="2018-05-22T17:34:45&#43;08:00">
        
    <meta name="description" content="Principal Components Analysis">
        
    <meta name="author" content="Vidotto">
    <meta property="og:url" content="https://ZhangRuiQian778.github.io/post/principal-components-analysis/">

    <link rel="stylesheet" href="/css/normalize.css">
    
    <link rel="stylesheet" href="/css/prism.css">
    
    <link rel="stylesheet" href="/css/style.css">

    </head>

<body>
<header id="header" class="clearfix">
    <div class="container">
        <div class="col-group">
            <div class="site-name ">
                
                    <a id="logo" href="https://ZhangRuiQian778.github.io">
                        Vidotto&#39;s blog
                    </a>
                
                
            </div>
            <div>
                <nav id="nav-menu" class="clearfix">
                    <a class="current" href="https://ZhangRuiQian778.github.io">博客</a>
                    
                    <a  href="https://ZhangRuiQian778.github.io/archives/" title="归档">
                        归档
                    </a>
                    
                    <a  href="https://ZhangRuiQian778.github.io/about/" title="关于">
                        关于
                    </a>
                    
                </nav>
            </div>
        </div>
    </div>
</header>


<div id="body">
    <div class="container">
        <div class="col-group">

            <div class="col-8" id="main">
                <div class="res-cons">
                    <article class="post">
                        <header>
                            <h1 class="post-title">Principal Components Analysis</h1>
                        </header>
                        <date class="post-meta meta-date">
                            2018年5月22日
                            17:34
                        </date>
                        <aside id="toc" class="dismissed">
                            <span class="toc-title">目录 <a href="#" class="toc-dismiss"></a></span>
                            <nav id="TableOfContents">
<ul>
<li>
<ul>
<li><a href="#准备数据">准备数据</a></li>
<li><a href="#主成分的获得">主成分的获得</a></li>
<li><a href="#r-语言内置-pca-函数">R 语言内置 PCA 函数</a></li>
</ul></li>
</ul>
</nav>
                        </aside><div class="post-content">
                            <p>主成分分析是一种无监督方法。PCA 降低了数据集的维度，通过少量变量来解释尽可能多的变异。</p>

<p>使用 <em>USArrests</em> 作为示例数据</p>

<pre><code>library(tidyverse)
library(gridExtra)
data(&quot;USArrests&quot;)
head(USArrests, 10)
##             Murder Assault UrbanPop Rape
## Alabama       13.2     236       58 21.2
## Alaska        10.0     263       48 44.5
## Arizona        8.1     294       80 31.0
## Arkansas       8.8     190       50 19.5
## California     9.0     276       91 40.6
## Colorado       7.9     204       78 38.7
## Connecticut    3.3     110       77 11.1
## Delaware       5.9     238       72 15.8
## Florida       15.4     335       80 31.9
## Georgia       17.4     211       60 25.8
</code></pre>

<h2 id="准备数据">准备数据</h2>

<p>中心化的数据对于 PCA 分析是有益的， 因为它能够直接让主成分和变量平均值来进行比较，这样就消除了数据之间差别过大的问题。</p>

<pre><code>scaled_df&lt;-apply(USArrests,2,scale)
head(scaled_df)
##          Murder   Assault   UrbanPop         Rape
## [1,] 1.24256408 0.7828393 -0.5209066 -0.003416473
## [2,] 0.50786248 1.1068225 -1.2117642  2.484202941
## [3,] 0.07163341 1.4788032  0.9989801  1.042878388
## [4,] 0.23234938 0.2308680 -1.0735927 -0.184916602
## [5,] 0.27826823 1.2628144  1.7589234  2.067820292
## [6,] 0.02571456 0.3988593  0.8608085  1.864967207
</code></pre>

<p>但是，对数据的中心化和标准化也会出现不合理的情况。如果数据集中的变量都是由一个单位产生，而且分析人员需要研究他们之间的差异，那么 <strong>scale</strong> 是不合适的。<br />
重要的是需要明白 PCA 是会受到每个变量的影响，因此数据是否进行单独的中心化和标准化会影响 PCA 分析结果。</p>

<h2 id="主成分的获得">主成分的获得</h2>

<p>为了计算主成分，我们首先使用 <strong>cov</strong> 计算协方差矩阵，然后使用 <strong>eigen</strong> 计算特征向量和特征值。<strong>eigen</strong> 生成一个包含特征值（$values）和特征向量（$vectors）的矩阵</p>

<pre><code># Calculate eigenvalues &amp; eigenvectors
arrests.cov &lt;- cov(scaled_df)
arrests.eigen &lt;- eigen(arrests.cov)
str(arrests.eigen)
## List of 2
##  $ values : num [1:4] 2.48 0.99 0.357 0.173
##  $ vectors: num [1:4, 1:4] -0.536 -0.583 -0.278 -0.543 0.418 ...
</code></pre>

<p>我们提取向量中的前两组数据组成矩阵。 R语言计算出的特征向量大部分为 负值，为了能够得到容易查看和理解的图像需要对特征向量值作反转。</p>

<pre><code>phi &lt;- -phi
row.names(phi) &lt;- c(&quot;Murder&quot;, &quot;Assault&quot;, &quot;UrbanPop&quot;, &quot;Rape&quot;)
colnames(phi) &lt;- c(&quot;PC1&quot;, &quot;PC2&quot;)
phi
##                PC1        PC2
## Murder   0.5358995 -0.4181809
## Assault  0.5831836 -0.1879856
## UrbanPop 0.2781909  0.8728062
## Rape     0.5434321  0.1673186
</code></pre>

<p>每个主分量矢量定义了特征空间中的方向。由于特征向量与每个其他特征向量正交，因此主成分彼此不相关，并形成新空间的基础。无论使用多少维度，情况都是如此。
如果我们将 <em>n</em> 个数据投射到第一主成分上，那么投影值被称为每个观测的主成分分数。</p>

<pre><code># Calculate Principal Components scores
PC1 &lt;- as.matrix(scaled_df) %*% phi[,1]
PC2 &lt;- as.matrix(scaled_df) %*% phi[,2]

# Create data frame with Principal Components scores
PC &lt;- data.frame(State = row.names(USArrests), PC1, PC2)
head(PC)
##        State        PC1        PC2
## 1    Alabama  0.9756604 -1.1220012
## 2     Alaska  1.9305379 -1.0624269
## 3    Arizona  1.7454429  0.7384595
## 4   Arkansas -0.1399989 -1.1085423
## 5 California  2.4986128  1.5274267
## 6   Colorado  1.4993407  0.9776297
</code></pre>

<p>现在我们已经计算第一个和第二个主要成分的观测值，下面就可以将它们绘制成二维视图。</p>

<pre><code># Plot Principal Components for each State
ggplot(PC, aes(PC1, PC2)) + 
  modelr::geom_ref_line(h = 0) +
  modelr::geom_ref_line(v = 0) +
  geom_text(aes(label = State), size = 3) +
  xlab(&quot;First Principal Component&quot;) + 
  ylab(&quot;Second Principal Component&quot;) + 
  ggtitle(&quot;First Two Principal Components of USArrests Data&quot;)
</code></pre>

<h2 id="r-语言内置-pca-函数">R 语言内置 PCA 函数</h2>

<p>上面的例子介绍了 PCA 分析过程中每一步原理等方面，在实际 PCA 分析过程中可以直接调用 R 自带的 <strong>prcomp</strong> 和 <strong>princomp</strong> 函数快速完成。</p>

<pre><code>pca_result &lt;- prcomp(USArrests, scale = TRUE)
names(pca_result)
## [1] &quot;sdev&quot;     &quot;rotation&quot; &quot;center&quot;   &quot;scale&quot;    &quot;x&quot;
</code></pre>

<p>获得的矩阵中包含了主成分的结果，通过 <strong>pca_result$rotation</strong> 查看每个主成分的具体情况。</p>

<pre><code>pca_result$rotation
##                 PC1        PC2        PC3         PC4
## Murder   -0.5358995  0.4181809 -0.3412327  0.64922780
## Assault  -0.5831836  0.1879856 -0.2681484 -0.74340748
## UrbanPop -0.2781909 -0.8728062 -0.3780158  0.13387773
## Rape     -0.5434321 -0.1673186  0.8177779  0.08902432
</code></pre>

<p>可以看到共获得四个主成分，我们默认是使用前两个。在前面提到最好将数值做一下处理，将他们取反便于作图理解。</p>

<pre><code>pca_result$rotation &lt;- -pca_result$rotation
pca_result$rotation
##                PC1        PC2        PC3         PC4
## Murder   0.5358995 -0.4181809  0.3412327 -0.64922780
## Assault  0.5831836 -0.1879856  0.2681484  0.74340748
## UrbanPop 0.2781909  0.8728062  0.3780158 -0.13387773
## Rape     0.5434321  0.1673186 -0.8177779 -0.08902432
</code></pre>

<p>每一个主成分对应的观测值存放在 <strong>pca_result$x</strong> 中。</p>

<pre><code>pca_result$x &lt;- - pca_result$x
head(pca_result$x)
##                   PC1        PC2         PC3          PC4
## Alabama     0.9756604 -1.1220012  0.43980366 -0.154696581
## Alaska      1.9305379 -1.0624269 -2.01950027  0.434175454
## Arizona     1.7454429  0.7384595 -0.05423025  0.826264240
## Arkansas   -0.1399989 -1.1085423 -0.11342217  0.180973554
## California  2.4986128  1.5274267 -0.59254100  0.338559240
## Colorado    1.4993407  0.9776297 -1.08400162 -0.001450164
</code></pre>

<p>最后就是画图了</p>

<pre><code>biplot(pca_result, scale = 0)
</code></pre>
                        </div>

                        <div class="post-meta meta-tags">
                            
                            <ul class="clearfix">
                                
                                <li><a href="/tags/r">R</a></li>
                                
                            </ul>
                            
                        </div>
                    </article>
                    <div id="comments"><span class="widget-title">评论</span>
  <script src="https://utteranc.es/client.js"
          repo="ZhangRuiQian778/ZhangRuiQian778_hexo"
          issue-term="pathname"
          theme="github-light"
          crossorigin="anonymous"
          async>
  </script></div>

                </div>
            </div>
            <div id="secondary">
    <section class="widget">
        
    
<form id="search" method="POST" action="https://duckduckgo.com/">
    
    <input type="text" name="q" maxlength="255" placeholder="搜索...">
    
    <input type="hidden" name="sites" value="https://ZhangRuiQian778.github.io">
    
    <input type="hidden" name="kp" value="-2">
    
    <input type="hidden" name="kh" value="1">
    
    <input type="hidden" name="kl" value="wt-wt">
    
    <input type="hidden" name="kg" value="p">
    
    <input type="hidden" name="kaf" value="1">
    
    
    <input type="hidden" name="k1" value="-1">

    

    
    
    <input type="hidden" name="k7" value="#ffffff">
    
    <input type="hidden" name="kj" value="#ffffff">
    
    <input type="hidden" name="ky" value="#eaeaea">
    
    <input type="hidden" name="kx" value="#6E7173">
    
    <input type="hidden" name="k8" value="#444">
    
    <input type="hidden" name="k9" value="#6E7173">
    
    <input type="hidden" name="kaa" value="#6E7173">
    
    <input type="hidden" name="kae" value="#6E7173">

    
    
    <input type="hidden" name="ko" value="1">
    
    <input type="hidden" name="kt" value="n">
    
    <input type="hidden" name="ka" value="g">
    
    <input type="hidden" name="ks" value="l">
    
    <input type="hidden" name="kv" value="1">

    <button type="submit" class="submit icon-search"></button>
</form>



    </section>

    <section class="widget">
        <h3 class="widget-title">分类</h3>
        <ul class="widget-list">
            
        </ul>
    </section>

    

    <section class="widget">
        <h3 class="widget-title">其它</h3>
        <ul class="widget-list">
            <li><a href="/index.xml">文章 RSS</a></li>
        </ul>
    </section>
</div>
        </div>
    </div>
</div>
<footer id="footer">
    <div class="container">
      &copy; 2019 <a rel="nofollow" href="https://ZhangRuiQian778.github.io">Vidotto&#39;s blog</a>.
        Powered by <a rel="nofollow noreferer noopener" href="https://gohugo.io">Hugo</a>.
        <a rel="nofollow noreferer noopener" href="https://github.com/JokerQyou/maupassant-hugo">Theme</a> based on <a rel="nofollow noreferer noopener" href="https://github.com/pagecho/maupassant">maupassant</a>.
    </div>
</footer>


<script type="text/javascript" src="/js/prism.js" async="true"></script>

<script type="text/javascript" src="/js/app.js" defer></script>

<script type="text/javascript" src='https://cdnjs.cloudflare.com/ajax/libs/mathjax/2.7.5/MathJax.js?config=TeX-MML-AM_CHTML' defer></script>


</body>
</html>
